2.27358626723,1.73434500698,0.0 
2.9709527143,0.155789408043,0.0125915537218 
2.97094856962,-0.133778740778,0.0251831074436 
2.97094757152,-0.30529053134,0.0377746611654 
2.97094977191,-0.426396231437,0.0503662148872 
2.9709552374,-0.519646110706,0.062957768609 
2.97096405008,-0.595291100495,0.0755493223308 
2.97097630855,-0.658852194398,0.0881408760526 
2.97099212909,-0.713643603559,0.100732429774 
2.97101164714,-0.761811728567,0.113323983496 
2.97103501909,-0.804827333441,0.125915537218 
2.97106242432,-0.843743383844,0.13850709094 
2.97109406768,-0.87934081869,0.151098644662 
2.97113018248,-0.912216053907,0.163690198383 
2.97117103385,-0.942836123223,0.176281752105 
2.97121692289,-0.971574855728,0.188873305827 
2.97126819152,-0.998737440299,0.201464859549 
2.97132522828,-1.02457761055,0.214056413271 
2.9713884752,-1.04930999217,0.226647966992 
2.97145843603,-1.07311919579,0.239239520714 
2.97153568634,-1.09616667255,0.251831074436 
2.97162088535,-1.11859600637,0.264422628158 
2.97171479076,-1.14053710141,0.27701418188 
2.97181827665,-1.16210958638,0.289605735601 
2.97193235553,-1.18342566803,0.302197289323 
2.97205820591,-1.20459260863,0.314788843045 
2.97219720658,-1.22571496476,0.327380396767 
2.97235098013,-1.24689670314,0.339971950489 
2.97252144811,-1.26824329765,0.35256350421 
2.97271090229,-1.28986391078,0.365155057932 
2.97292209732,-1.31187377131,0.377746611654 
2.97315837271,-1.33439687877,0.390338165376 
2.9734238159,-1.35756919874,0.402929719098 
2.97372348298,-1.38154256575,0.415521272819 
2.97406370298,-1.40648959208,0.428112826541 
2.97445250438,-1.43261000699,0.440704380263 
2.97490022592,-1.46013905013,0.453295933985 
2.97542041142,-1.48935886017,0.465887487707 
2.97603115568,-1.5206143241,0.478479041429 
2.97675719129,-1.55433574207,0.49107059515 
2.97763324012,-1.59107223306,0.503662148872 
2.97870962401,-1.63154270071,0.516253702594 
2.98006213687,-1.67671679908,0.528845256316 
2.98181050091,-1.72794994565,0.541436810038 
2.98415559189,-1.78722226959,0.554028363759 
2.98746224586,-1.85759451173,0.566619917481 
2.99246946073,-1.94416743826,0.579211471203 
3.00093549712,-2.05638811908,0.591803024925 
3.0183201384,-2.21473645055,0.604394578647 
3.07434868287,-2.47490565906,0.616986132368 
2.00973643232,-4.79653815267,0.62957768609 
2.88077960924,-4.85405144495,0.642169239812 
2.92225794065,-4.6131054923,0.654760793534 
2.93697740345,-4.45744826288,0.667352347256 
2.94451870939,-4.34225435946,0.679943900977 
2.94910522042,-4.250260714,0.692535454699 
2.9521909483,-4.17320254253,0.705127008421 
2.95441080908,-4.10650705704,0.717718562143 
2.9560862455,-4.04738308805,0.730310115865 
2.95739747315,-3.99400197952,0.742901669586 
2.95845340324,-3.94509973896,0.755493223308 
2.95932377048,-3.8997650335,0.76808477703 
2.96005533105,-3.85731784096,0.780676330752 
2.96068064311,-3.81723591731,0.793267884474 
2.96122311258,-3.77910811271,0.805859438195 
2.96170003565,-3.74260355343,0.818450991917 
2.96212450955,-3.70745060575,0.831042545639 
2.96250667519,-3.67342208934,0.843634099361 
2.9628545506,-3.64032460486,0.856225653083 
2.96317460558,-3.60799063851,0.868817206804 
2.96347216859,-3.57627257929,0.881408760526 
2.96375172234,-3.54503807393,0.894000314248 
2.96401712419,-3.51416632572,0.90659186797 
2.96427177575,-3.4835450597,0.919183421692 
2.9645187579,-3.45306795171,0.931774975413 
2.964760943,-3.42263236737,0.944366529135 
2.96500109312,-3.39213728814,0.956958082857 
2.96524195133,-3.36148131885,0.969549636579 
2.96548633258,-3.3305606789,0.982141190301 
2.96573722012,-3.29926707777,0.994732744022 
2.96599787484,-3.26748536471,1.00732429774 
2.96627196609,-3.2350908204,1.01991585147 
2.96656373534,-3.2019459226,1.03250740519 
2.96687820929,-3.16789636094,1.04509895891 
2.96722148603,-3.13276598801,1.05769051263 
2.96760113051,-3.096350259,1.07028206635 
2.96802673638,-3.05840749774,1.08287362008 
2.96851074619,-3.01864698226,1.0954651738 
2.96906968436,-2.97671227323,1.10805672752 
2.96972607113,-2.93215722891,1.12064828124 
2.97051150513,-2.88441040758,1.13323983496 
2.97147184441,-2.8327203004,1.14583138868 
2.97267637016,-2.77606740983,1.15842294241 
2.9742350334,-2.71301563018,1.17101449613 
2.97633354084,-2.64144433511,1.18360604985 
2.97931229578,-2.55802365612,1.19619760357 
2.98386998026,-2.45706520746,1.20878915729 
2.99170338323,-2.32756547611,1.22138071101 
3.00827998721,-2.1433582652,1.23397226474 
3.06640495354,-1.80739423865,1.24656381846 
2.54277854115,-1.34569608777,1.25915537218 
2.89176642921,-2.15678579706,1.2717469259 
2.92343279364,-2.39346186564,1.28433847962 
2.93526136281,-2.53641274534,1.29693003335 
2.94141781986,-2.63829065939,1.30952158707 
2.94517096916,-2.71697908843,1.32211314079 
2.94768051328,-2.78076303656,1.33470469451 
2.94946167994,-2.83416901138,1.34729624823 
2.95077816782,-2.87994322168,1.35988780195 
2.95177882038,-2.91987815562,1.37247935568 
2.9525539001,-2.95520894979,1.3850709094 
2.9531612122,-2.98682313868,1.39766246312 
2.95363937684,-3.01538022825,1.41025401684 
2.95401506408,-3.04138396795,1.42284557056 
2.95430716701,-3.06522814837,1.43543712429 
2.95452932227,-3.08722678135,1.44802867801 
2.95469149064,-3.10763465732,1.46062023173 
2.9548009793,-3.12666175264,1.47321178545 
2.95486311893,-3.1444835815,1.48580333917 
2.95488171946,-3.16124880266,1.49839489289 
2.95485937936,-3.17708492454,1.51098644662 
2.95479769395,-3.19210266767,1.52357800034 
2.95469739156,-3.20639936519,1.53616955406 
2.95455841493,-3.22006166556,1.54876110778 
2.95437995911,-3.23316772625,1.5613526615 
2.95416047111,-3.24578903746,1.57394421523 
2.95389761346,-3.25799198003,1.58653576895 
2.95358819013,-3.26983920061,1.59912732267 
2.95322803003,-3.28139087293,1.61171887639 
2.95281181901,-3.29270590603,1.62431043011 
2.95233286665,-3.30384315999,1.63690198383 
2.95178278654,-3.31486273207,1.64949353756 
2.9511510586,-3.32582738788,1.66208509128 
2.95042442604,-3.33680423097,1.674676645 
2.94958605504,-3.3478667368,1.68726819872 
2.94861434559,-3.35909732784,1.69985975244 
2.94748121639,-3.37059075097,1.71245130617 
2.94614957492,-3.38245865528,1.72504285989 
2.94456948613,-3.39483599988,1.73763441361 
2.9426721891,-3.40789032866,1.75022596733 
2.94036040907,-3.42183569036,1.76281752105 
2.93749198515,-3.43695441034,1.77540907477 
2.93385073714,-3.4536328446,1.7880006285 
2.92909123979,-3.47242370697,1.80059218222 
2.92262546166,-3.49416328329,1.81318373594 
2.91336468396,-3.52021520424,1.82577528966 
2.89904290548,-3.55305418368,1.83836684338 
2.87403669776,-3.59799671434,1.85095839711 
2.81949042368,-3.67061387449,1.86354995083 
2.6088004549,-3.87029782664,1.87614150455 
3.8034150848,-1.56720126439,1.88873305827 
3.16032716025,-0.990613281459,1.90132461199 
3.07654246254,-0.887673295125,1.91391616571 
3.04360558168,-0.829034631646,1.92650771944 
3.02604317899,-0.786538808052,1.93909927316 
3.01515450262,-0.752411073731,1.95169082688 
3.00776331988,-0.723370224522,1.9642823806 
3.00243401752,-0.697706466249,1.97687393432 
2.99842305407,-0.674407741971,1.98946548804 
2.9953068975,-0.652820854356,2.00205704177 
2.99282670116,-0.632496492799,2.01464859549 
2.99081545599,-0.61310977134,2.02724014921 
2.98916068174,-0.594415884384,2.03983170293 
2.98778395298,-0.57622367814,2.05242325665 
2.98662901986,-0.558379038629,2.06501481038 
2.98565459217,-0.540753972319,2.0776063641 
2.98482978493,-0.523239140104,2.09019791782 
2.98413114964,-0.50573856441,2.10278947154 
2.98354068597,-0.488165742262,2.11538102526 
2.98304447991,-0.470440685415,2.12797257898 
2.98263175394,-0.452487578049,2.14056413271 
2.98229419634,-0.434232842131,2.15315568643 
2.98202548472,-0.41560346296,2.16574724015 
2.98182094871,-0.396525465083,2.17833879387 
2.98167733633,-0.376922450984,2.19093034759 
2.98159266071,-0.356714126715,2.20352190132 
2.98156611304,-0.335814742924,2.21611345504 
2.98159803391,-0.314131376675,2.22870500876 
2.98168994107,-0.29156196914,2.24129656248 
2.98184461668,-0.267993017964,2.2538881162 
2.98206626249,-0.243296794342,2.26647966992 
2.98236073925,-0.217327913877,2.27907122365 
2.98273591577,-0.189919029518,2.29166277737 
2.9832021677,-0.160875322045,2.30425433109 
2.98377308803,-0.129967326569,2.31684588481 
2.98446650687,-0.0969214199849,2.32943743853 
2.98530597588,-0.0614069592282,2.34202899226 
2.98632297258,-0.0230185192848,2.35462054598 
2.98756025661,0.0187492239947,2.3672120997 
2.98907713612,0.0645379829663,2.37980365342 
2.99095803537,0.115180548526,2.39239520714 
2.99332704866,0.171785836295,2.40498676086 
2.99637399287,0.235877119806,2.41757831459 
3.00040415254,0.309629261107,2.43016986831 
3.00594133158,0.396304746191,2.44276142203 
3.01396532933,0.501130372164,2.45535297575 
3.02654522014,0.633291323373,2.46794452947 
3.04893405918,0.811377208577,2.4805360832 
3.0995187535,1.08366513466,2.49312763692 
3.31926868647,1.68582530391,2.50571919064 
2.43945491567,2.87525990124,2.51831074436 
2.81628707754,2.03749379556,2.53090229808 
2.87895802126,1.71958762231,2.5434938518 
2.90466849409,1.51508342862,2.55608540553 
2.91861815978,1.36248581803,2.56867695925 
2.92733992567,1.23984971367,2.58126851297 
2.9332833344,1.13673022755,2.59386006669 
2.93757358033,1.04731551147,2.60645162041 
2.94079979664,0.968030594998,2.61904317413 
2.943300177,0.896515608428,2.63163472786 
2.94528260053,0.831128319676,2.64422628158 
2.94688176625,0.77067773164,2.6568178353 
2.94818867799,0.714270726464,2.66940938902 
2.94926692293,0.661218608791,2.68200094274 
2.95016216272,0.610977452951,2.69459249647 
2.95090792166,0.563108529049,2.70718405019 
2.95152925152,0.51725117005,2.71977560391 
2.9520451259,0.47310362587,2.73236715763 
2.95247004635,0.430409199542,2.74495871135 
2.95281514282,0.388945964713,2.75755026507 
2.95308894018,0.348518961348,2.7701418188 
2.95329789736,0.308954132872,2.78273337252 
2.95344678752,0.270093499008,2.79532492624 
2.95353896288,0.231791207272,2.80791647996 
2.95357653252,0.193910201987,2.82050803368 
2.95356047152,0.156319313097,2.83309958741 
2.95349067157,0.118890606901,2.84569114113 
2.9533659382,0.0814968637542,2.85828269485 
2.95318393429,0.0440090588317,2.87087424857 
2.9529410649,0.00629372070005,2.88346580229 
2.9526322925,-0.0317899708628,2.89605735601 
2.95225086415,-0.0703935128343,2.90864890974 
2.95178792202,-0.10968304333,2.92124046346 
2.95123195288,-0.149844225172,2.93383201718 
2.95056800765,-0.191088443067,2.9464235709 
2.94977658417,-0.233660884165,2.95901512462 
2.94883200078,-0.27785135052,2.97160667835 
2.94769997853,-0.324009105994,2.98419823207 
2.94633395199,-0.372563821793,2.99678978579 
2.94466926332,-0.424056010344,3.00938133951 
2.94261368132,-0.479182740218,3.02197289323 
2.94003122016,-0.538869008549,3.03456444695 
2.93671300606,-0.604384423977,3.04715600068 
2.93232124415,-0.677545052577,3.0597475544 
2.92627205109,-0.7610884617,3.07233910812 
2.91746205622,-0.859439327776,3.08493066184 
2.90352631016,-0.980490532369,3.09752221556 
2.87831516249,-1.1406494707,3.11011376929 
2.81927863222,-1.38502311097,3.12270532301 
2.52346317521,-1.98422191497,3.13529687673 
3.41154729023,-0.596383983973,3.14788843045 
3.11573471637,-0.0110074059666,3.16047998417 
3.05670396586,0.219534137,3.17307153789 
3.03150152176,0.365844481586,3.18566309162 
3.01757744428,0.473023903815,3.19825464534 
3.00878213864,0.55747301194,3.21084619906 
3.00275072626,0.627077776686,3.22343775278 
2.9983799234,0.686255809243,3.2360293065 
2.99508595063,0.73773742509,3.24862086023 
2.99253113554,0.783331216976,3.26121241395 
2.99050674691,0.824299061252,3.27380396767 
2.98887696342,0.861557922962,3.28639552139 
2.9875497427,0.895796493696,3.29898707511 
2.98646064282,0.927546514256,3.31157862883 
2.98556334462,0.957228433998,3.32417018256 
2.98482384949,0.985181782331,3.33676173628 
2.98421679502,1.0116860438,3.34935329 
2.98372304255,1.03697542481,3.36194484372 
2.98332805743,1.06124957441,3.37453639744 
2.98302079958,1.08468155931,3.38712795116 
2.98279295275,1.10742393897,3.39971950489 
2.98263838558,1.1296135066,3.41231105861 
2.9825527762,1.15137508684,3.42490261233 
2.98253335691,1.17282466664,3.43749416605 
2.98257875101,1.19407206352,3.45008571977 
2.98268888431,1.21522328703,3.4626772735 
2.98286496254,1.23638272073,3.47526882722 
2.98310951136,1.25765523439,3.48786038094 
2.98342648177,1.2791483313,3.50045193466 
2.98382143008,1.30097443856,3.51304348838 
2.98430178874,1.32325346274,3.5256350421 
2.98487725428,1.34611576035,3.53822659583 
2.98556033295,1.36970571579,3.55081814955 
2.98636710613,1.39418618892,3.56340970327 
2.98731831113,1.41974420023,3.57600125699 
2.98844088673,1.44659838933,3.58859281071 
2.9897702237,1.4750090479,3.60118436444 
2.9913535155,1.50529196426,3.61377591816 
2.99325488248,1.53783805089,3.62636747188 
2.99556346121,1.57314201199,3.6389590256 
2.99840666588,1.61184565883,3.65155057932 
3.00197292962,1.65480600632,3.66414213304 
3.00655289218,1.7032075544,3.67673368677 
3.01261920837,1.75875865311,3.68932524049 
3.02099503994,1.82406171765,3.70191679421 
3.03325231657,1.90338458243,3.71450834793 
3.05281281935,2.00451079686,3.72709990165 
3.08880198349,2.14425460545,3.73969145538 
3.17641901488,2.37283532704,3.7522830091 
3.70285880441,3.10341578059,3.76487456282 
2.47401466691,5.26081638728,3.77746611654 
2.78104579862,4.75431763432,3.79005767026 
2.85178905735,4.542636609,3.80264922398 
2.8831511047,4.40362196414,3.81524077771 
2.90081514217,4.29855079224,3.82783233143 
2.91211899863,4.21327449222,3.84042388515 
2.91995313595,4.14096473017,3.85301543887 
2.92568654278,4.07778279074,3.86560699259 
2.93005130506,4.02134814761,3.87819854632 
2.93347431791,3.9700788243,3.89079010004 
2.93622123412,3.92286756984,3.90338165376 
2.93846595449,3.87890721752,3.91597320748 
2.94032702525,3.83758953516,3.9285647612 
2.94188797555,3.79844324974,3.94115631492 
2.94320929448,3.7610942946,3.95374786865 
2.94433579876,3.72523931654,3.96633942237 
2.94530133417,3.69062743037,3.97893097609 
2.94613187065,3.6570472848,3.99152252981 
2.94684759491,3.62431764917,4.00411408353 
2.94746435748,3.59228039041,4.01670563726 
2.94799469278,3.56079510349,4.02929719098 
2.94844854916,3.52973490074,4.0418887447 
2.94883381697,3.49898301849,4.05448029842 
2.94915671283,3.46842999679,4.06707185214 
2.94942205828,3.43797125208,4.07966340586 
2.94963347845,3.40750490281,4.09225495959 
2.94979353758,3.37692973261,4.10484651331 
2.94990382198,3.3461431895,4.11743806703 
2.94996497579,3.3150393221,4.13002962075 
2.94997669096,3.28350654861,4.14262117447 
2.94993764832,3.25142513817,4.15521272819 
2.94984540182,3.21866425613,4.16780428192 
2.94969619148,3.18507837875,4.18039583564 
2.9494846612,3.15050281284,4.19298738936 
2.94920344377,3.11474794575,4.20557894308 
2.94884255281,3.0775916813,4.2181704968 
2.94838848356,3.03876924491,4.23076205053 
2.94782286075,2.99795909683,4.24335360425 
2.94712035558,2.95476294445,4.25594515797 
2.94624537748,2.90867653525,4.26853671169 
2.94514662119,2.85904552364,4.28112826541 
2.943747662,2.80499611798,4.29371981913 
2.94192981195,2.74532085163,4.30631137286 
2.93949863957,2.67827923638,4.31890292658 
2.93611257881,2.60122337307,4.3314944803 
2.93111191369,2.50982327403,4.34408603402 
2.92303681607,2.39623204328,4.35667758774 
2.90788807977,2.24375017263,4.36926914147 
2.86936045711,2.00443873509,4.38186069519 
2.5737426719,1.31473195703,4.39445224891 
3.12281733983,1.92573488643,4.40704380263 
3.02593764572,2.29095701357,4.41963535635 
3.00082251807,2.47085159007,4.43222691007 
2.98927854836,2.59042993089,4.4448184638 
2.98263860904,2.67951144855,4.45741001752 
2.97831771527,2.75012583455,4.47000157124 
2.97527408403,2.8083566073,4.48259312496 
2.97300702904,2.85771436048,4.49518467868 
2.97124596106,2.90041101493,4.50777623241 
2.96983175733,2.93793109256,4.52036778613 
2.96866465059,2.97131970031,4.53295933985 
2.96767883929,3.00134076577,4.54555089357 
2.96682909031,3.02856994171,4.55814244729 
2.96608320576,3.05345210965,4.57073400101 
2.96541756112,3.07633854249,4.58332555474 
2.96481434445,3.09751180352,4.59591710846 
2.96425978263,3.11720294934,4.60850866218 
2.96374296356,3.13560373686,4.6211002159 
2.96325502979,3.15287549235,4.63369176962 
2.96278861034,3.16915569353,4.64628332335 
2.96233740822,3.18456295339,4.65887487707 
2.96189589152,3.19920086524,4.67146643079 
2.96145905342,3.21316102705,4.68405798451 
2.96102221738,3.226525468,4.69664953823 
2.96058087071,3.23936863787,4.70924109195 
2.96013051357,3.25175907991,4.72183264568 
2.9596665121,3.26376087866,4.7344241994 
2.95918394625,3.27543495674,4.74701575312 
2.95867744107,3.28684028396,4.75960730684 
2.95814096981,3.29803505683,4.77219886056 
2.95756761264,3.30907790599,4.78479041429 
2.95694925046,3.320029196,4.79738196801 
2.95627616387,3.33095249314,4.80997352173 
2.95553649346,3.34191629839,4.82256507545 
2.95471549584,3.35299617759,4.83515662917 
2.95379449256,3.3642774748,4.84774818289 
2.95274934781,3.3758588824,4.86033973662 
2.95154820283,3.38785728318,4.87293129034 
2.95014800201,3.40041451576,4.88552284406 
2.94848897992,3.41370711948,4.89811439778 
2.9464855571,3.42796083838,4.9107059515 
2.94401057828,3.44347300346,4.92329750522 
2.94086641964,3.4606485271,4.93588905895 
2.9367281389,3.48006060607,4.94848061267 
2.93102103329,3.50255885493,4.96107216639 
2.92262328443,3.5294738047,4.97366372011 
2.90901106696,3.56302234514,4.98625527383 
2.88307214079,3.6070321574,4.99884682756 
2.81398741536,3.66511086616,5.01143838128 
2.05455948873,3.31605686046,5.024029935 
3.19357713107,0.95736331067,5.03662148872 
3.06696481823,0.897250939421,5.04921304244 
3.03075469038,0.841885522961,5.06180459616 
3.01357646853,0.799005518518,5.07439614989 
3.00353497364,0.764030602696,5.08698770361 
2.99693848665,0.73419505776,5.09957925733 
2.99226678956,0.707873694216,5.11217081105 
2.98877917366,0.684051622381,5.12476236477 
2.98607153198,0.662056219875,5.1373539185 
2.98390461854,0.641418575392,5.14994547222 
2.98212771784,0.621797509477,5.16253702594 
2.98064112541,0.602935440739,5.17512857966 
2.97937621423,0.584631416865,5.18772013338 
2.97828416667,0.56672389182,5.2003116871 
2.97732927286,0.549079291649,5.21290324083 
2.97648477244,0.531584152579,5.22549479455 
2.97573017945,0.514139534611,5.23808634827 
2.97504950673,0.496656921524,5.25067790199 
2.97443005453,0.479055110791,5.26326945571 
2.97386156324,0.461257768745,5.27586100944 
2.97333560718,0.443191431309,5.28845256316 
2.97284515095,0.424783796723,5.30104411688 
2.97238421778,0.405962196016,5.3136356706 
2.97194763547,0.386652151857,5.32622722432 
2.97153083639,0.366775951031,5.33881877804 
2.97112969499,0.346251160981,5.35141033177 
2.97074039034,0.32498902022,5.36400188549 
2.97035928372,0.302892626479,5.37659343921 
2.9699828033,0.279854831361,5.38918499293 
2.96960732776,0.255755729043,5.40177654665 
2.96922906064,0.230459592498,5.41436810038 
2.96884388533,0.203811059977,5.4269596541 
2.96844718799,0.175630301733,5.43955120782 
2.96803363013,0.145706784474,5.45214276154 
2.96759684416,0.113791082712,5.46473431526 
2.967129011,0.0795839241008,5.47732586898 
2.96662025426,0.0427212376066,5.48991742271 
2.96605774295,0.00275328967977,5.50250897643 
2.96542431689,-0.0408851637391,5.51510053015 
2.96469630297,-0.0889188161225,5.52769208387 
2.96383989812,-0.142298685759,5.54028363759 
2.962804879,-0.202308005949,5.55287519132 
2.96151300206,-0.270738110621,5.56546674504 
2.95983499951,-0.350198414115,5.57805829876 
2.95754051747,-0.444705560306,5.59064985248 
2.95417479915,-0.560920902361,5.6032414062 
2.94869669705,-0.711139846444,5.61583295992 
2.93808244332,-0.922228824438,5.62842451365 
2.90831363536,-1.27487025279,5.64101606737 
2.2846445024,-2.720449488,5.65360762109 
3.04675404945,-2.26796076746,5.66619917481 
3.00657563603,-1.84720523705,5.67879072853 
2.99406535451,-1.60448028906,5.69138228225 
2.98794213223,-1.43180979048,5.70397383598 
2.9842970949,-1.29680688288,5.7165653897 
2.9818713731,-1.18531826625,5.72915694342 
2.9801358154,-1.08987774654,5.74174849714 
2.97882914672,-1.00605994507,5.75434005086 
2.9778074801,-0.931022911539,5.76693160459 
2.97698503314,-0.862830752289,5.77952315831 
2.9763074774,-0.800103442787,5.79211471203 
2.97573872471,-0.741820773181,5.80470626575 
2.9752538593,-0.687205545155,5.81729781947 
2.97483512073,-0.635650410966,5.82988937319 
2.97446950414,-0.586670111538,5.84248092692 
2.9741472661,-0.539869184621,5.85507248064 
2.97386096079,-0.494919460779,5.86766403436 
2.97360479929,-0.451543952478,5.88025558808 
2.97337421201,-0.40950503388,5.8928471418 
2.97316554318,-0.368595564359,5.90543869553 
2.97297583301,-0.328632068523,5.91803024925 
2.97280265937,-0.289449370838,5.93062180297 
2.97264402108,-0.250896265478,5.94321335669 
2.97249825034,-0.212831919806,5.95580491041 
2.97236394646,-0.17512278803,5.96839646413 
2.97223992464,-0.137639859981,5.98098801786 
2.97212517646,-0.100256102013,5.99357957158 
2.9720188387,-0.0628439632431,6.0061711253 
2.97192016866,-0.0252728244608,6.01876267902 
2.97182852448,0.012593738878,6.03135423274 
2.97174334931,0.0509010276802,6.04394578647 
2.97166415834,0.0898068070191,6.05653734019 
2.97159052838,0.129485649671,6.06912889391 
2.9715220892,0.170134361497,6.08172044763 
2.97145851645,0.211978951869,6.09431200135 
2.97139952566,0.255283825655,6.10690355507 
2.97134486739,0.300364217126,6.1194951088 
2.97129432316,0.347603450623,6.13208666252 
2.97124770193,0.397477571748,6.14467821624 
2.97120483727,0.450591584268,6.15726976996 
2.97116558491,0.507734643803,6.16986132368 
2.97112982082,0.569967609216,6.18245287741 
2.97109743941,0.63876885732,6.19504443113 
2.97106835219,0.716292160607,6.20763598485 
2.97104248669,0.805858897307,6.22022753857 
2.97101978549,0.912997057041,6.23281909229 
2.97100020548,1.0479644277,6.24541064601 
2.97098371748,1.2333180257,6.25800219974 
2.97097030572,1.53671478447,6.27059375346 
2.27358626724,1.73434500698,6.28318530718 
