2.5415942587,-0.237676561353,0.0 
2.38302873461,-0.386413072038,0.0125915537218 
2.5121536348,-0.22733077851,0.0251831074436 
2.39543565914,0.137091392062,0.0377746611654 
2.60366782939,0.52343174909,0.0503662148872 
2.45319698212,0.510675231471,0.062957768609 
2.32382396855,0.475646492051,0.0755493223308 
2.27554300224,0.10869984597,0.0881408760526 
2.32967111657,-0.107080691088,0.100732429774 
2.5508740427,-0.391845640737,0.113323983496 
2.41091948999,-0.21694910629,0.125915537218 
2.48228802877,0.0974980728016,0.13850709094 
2.40366577127,0.43134073721,0.151098644662 
2.56131252699,0.652325497001,0.163690198383 
2.35392253136,0.426455324065,0.176281752105 
2.2542647019,0.259561057107,0.188873305827 
2.28557833531,-0.205300397663,0.201464859549 
2.44479577505,-0.215213118218,0.214056413271 
2.58034096648,-0.279144240415,0.226647966992 
2.36009748691,-0.0321003246901,0.239239520714 
2.5497311228,0.384875149187,0.251831074436 
2.34251321068,0.594547004659,0.264422628158 
2.5479058161,0.40047052765,0.27701418188 
2.42138085325,0.271600350395,0.289605735601 
2.32705106037,0.274117983201,0.302197289323 
2.45480163162,-0.149285181958,0.314788843045 
2.59203381167,0.159157145741,0.327380396767 
2.45571881459,0.0921693036311,0.339971950489 
2.46445312985,-0.146020141405,0.35256350421 
2.58751293247,-0.0575363758478,0.365155057932 
2.4724928214,-0.0262262046433,0.377746611654 
2.50788412616,0.0119904390329,0.390338165376 
2.67731706751,0.499378809841,0.402929719098 
2.5719890044,0.619496791123,0.415521272819 
2.41736356323,0.738116987949,0.428112826541 
2.28455936899,0.307094866464,0.440704380263 
2.39097854625,0.234961066026,0.453295933985 
2.52368323681,0.0777316091734,0.465887487707 
2.31900587672,-0.13655111671,0.478479041429 
2.53624843814,-0.06013305853,0.49107059515 
2.37439584727,0.0283660658839,0.503662148872 
2.33820666361,-0.376001879042,0.516253702594 
2.51334382837,-0.274210205919,0.528845256316 
2.62660577325,-0.112805743777,0.541436810038 
2.67545124725,0.372110628152,0.554028363759 
2.49974844641,0.379635658192,0.566619917481 
2.43269071766,0.488155367758,0.579211471203 
2.59446631867,0.627492194462,0.591803024925 
2.40138781923,0.572709817569,0.604394578647 
2.50608428795,0.610285284427,0.616986132368 
2.55265427313,0.856105473949,0.62957768609 
2.34854683343,0.548586025327,0.642169239812 
2.26259625346,0.404989204335,0.654760793534 
2.37932875415,-0.122049602574,0.667352347256 
2.566302204,0.102763153344,0.679943900977 
2.40266982144,0.0452881314786,0.692535454699 
2.5035499935,-0.343842713114,0.705127008421 
2.44818798109,-0.683662960995,0.717718562143 
2.58218016444,-0.793085056862,0.730310115865 
2.37479249189,-0.565464385097,0.742901669586 
2.38979774029,-0.699660924466,0.755493223308 
2.42176672073,-0.882090482446,0.76808477703 
2.41900074902,-0.864090658828,0.780676330752 
2.58086154428,-0.697498127296,0.793267884474 
2.55527510557,-0.698193240506,0.805859438195 
2.41981895032,-0.647386148756,0.818450991917 
2.58156998151,-0.569318323543,0.831042545639 
2.48215032923,-0.552890765764,0.843634099361 
2.40078793866,-0.455172463085,0.856225653083 
2.53093920721,-0.313360934464,0.868817206804 
2.48964215169,-0.411618098912,0.881408760526 
2.41373080095,-0.252771763805,0.894000314248 
2.54388682362,-0.320119307217,0.90659186797 
2.52290886019,-0.371386518276,0.919183421692 
2.37204674765,-0.341676207811,0.931774975413 
2.54960720619,-0.397965883386,0.944366529135 
2.4114360564,-0.504013803344,0.956958082857 
2.35489765464,-0.530096558217,0.969549636579 
2.48546513677,-0.653618375087,0.982141190301 
2.4627879016,-0.851500980625,0.994732744022 
2.48049331405,-0.800429071355,1.00732429774 
2.5874784936,-0.796988020435,1.01991585147 
2.4090426194,-1.06935473216,1.03250740519 
2.43750409103,-1.18008853913,1.04509895891 
2.45402590923,-1.120118256,1.05769051263 
2.48630238121,-0.876084336776,1.07028206635 
2.32500660348,-0.773637441437,1.08287362008 
2.49500559973,-1.11222827016,1.0954651738 
2.64747770769,-0.778892377695,1.10805672752 
2.68607355673,-0.539731819746,1.12064828124 
2.52193109104,-0.0585025396348,1.13323983496 
2.40768600429,-0.2369459208,1.14583138868 
2.6136520281,-0.150260373643,1.15842294241 
2.37699363807,0.202248363215,1.17101449613 
2.60030600114,0.43444198768,1.18360604985 
2.48297915628,0.430665797952,1.19619760357 
2.3657728889,0.435727237776,1.20878915729 
2.39687938883,0.333667073883,1.22138071101 
2.37282538491,0.0702851820776,1.23397226474 
2.45503991416,-0.106788464892,1.24656381846 
2.60926208359,0.133933013548,1.25915537218 
2.3770536309,-0.121741051615,1.2717469259 
2.58213491631,-0.515018468293,1.28433847962 
2.35804219365,-0.650893112904,1.29693003335 
2.55964293105,-0.439470109153,1.30952158707 
2.58671874147,-0.251932553605,1.32211314079 
2.52094494789,-0.102606147412,1.33470469451 
2.52558867954,0.167185761855,1.34729624823 
2.40666790255,0.245125985467,1.35988780195 
2.33983866625,-0.0219054344857,1.37247935568 
2.56225347102,0.233387269749,1.3850709094 
2.32676665114,0.414373736425,1.39766246312 
2.54812499361,0.224183852616,1.41025401684 
2.36966685194,-0.0171554942568,1.42284557056 
2.29243575903,-0.137001952607,1.43543712429 
2.41972999835,-0.543932852086,1.44802867801 
2.5689860038,-0.436272022833,1.46062023173 
2.67377827431,-0.321116889861,1.47321178545 
2.48827075884,0.158243998151,1.48580333917 
2.49284054406,0.262939765361,1.49839489289 
2.55072691069,0.289885738338,1.51098644662 
2.49543110005,0.272916327499,1.52357800034 
2.39299268078,-0.112279259726,1.53616955406 
2.54452036587,-0.225291429547,1.54876110778 
2.4965498753,-0.0140899804145,1.5613526615 
2.44082243854,-0.251115397138,1.57394421523 
2.55479625862,-0.0908319695629,1.58653576895 
2.5162369774,0.0889863610831,1.59912732267 
2.36012476014,-0.153543316393,1.61171887639 
2.57889135632,-0.0751017721827,1.62431043011 
2.36456615967,0.131426014342,1.63690198383 
2.46855422247,-0.0458876135227,1.64949353756 
2.530228677,-0.0437140618801,1.66208509128 
2.37440205764,0.186154141713,1.674676645 
2.34770630802,-0.225362226063,1.68726819872 
2.50320198127,-0.0587719163694,1.69985975244 
2.47614583961,-0.0249939949688,1.71245130617 
2.34069676294,-0.237562479273,1.72504285989 
2.56194166551,-0.0776749590803,1.73763441361 
2.34736234358,0.0529968355774,1.75022596733 
2.46994373364,-0.198880943457,1.76281752105 
2.5423351806,-0.0754284484673,1.77540907477 
2.43566939437,0.140722143608,1.7880006285 
2.47420370377,-0.07259451949,1.80059218222 
2.54841821618,0.158201797648,1.81318373594 
2.3902862136,0.15398143682,1.82577528966 
2.45931278252,-0.232613662043,1.83836684338 
2.53063932737,-0.3542880584,1.85095839711 
2.48428234953,-0.434643641702,1.86354995083 
2.45373322194,-0.466722388022,1.87614150455 
2.66762951025,-0.0223124751266,1.88873305827 
2.63914688716,0.18867028136,1.90132461199 
2.5152568133,0.465730720803,1.91391616571 
2.34439239561,0.185745815805,1.92650771944 
2.35468323822,0.0950003461565,1.93909927316 
2.55201033798,-0.151383334993,1.95169082688 
2.32581288555,-0.453948209323,1.9642823806 
2.5602916089,-0.404395749481,1.97687393432 
2.35046420853,-0.144775351159,1.98946548804 
2.36122371277,-0.423130338963,2.00205704177 
2.47174725321,-0.46675431967,2.01464859549 
2.47858828353,-0.266437037677,2.02724014921 
2.56653635038,-0.125372973365,2.03983170293 
2.59058674328,0.0872619440675,2.05242325665 
2.36746090395,0.423316442008,2.06501481038 
2.58432301421,0.477339205598,2.0776063641 
2.37665828014,0.179512699001,2.09019791782 
2.61150084606,-0.13982173971,2.10278947154 
2.50691226219,0.0789408396476,2.11538102526 
2.40686059057,-0.0336220088596,2.12797257898 
2.40399638849,-0.318756793949,2.14056413271 
2.33590867096,-0.519807136912,2.15315568643 
2.42045802669,-0.630400427515,2.16574724015 
2.57944641083,-0.781871714185,2.17833879387 
2.35189203945,-0.705243124126,2.19093034759 
2.58598714302,-0.405389885896,2.20352190132 
2.38871509485,-0.288919909591,2.21611345504 
2.45364952016,-0.556430442696,2.22870500876 
2.64644170413,-0.17935168448,2.24129656248 
2.68718407467,0.0778678959521,2.2538881162 
2.58252863708,0.547781377454,2.26647966992 
2.3723752272,0.311836013684,2.27907122365 
2.49644331323,0.389373828209,2.29166277737 
2.47507750575,0.684565028493,2.30425433109 
2.45262560605,0.881480123847,2.31684588481 
2.39079358883,0.919421787488,2.32943743853 
2.57765631203,0.711704753514,2.34202899226 
2.50705071068,0.722312701524,2.35462054598 
2.48642412705,0.841663912363,2.3672120997 
2.52379301538,0.714601093335,2.37980365342 
2.38127963631,0.601573651112,2.39239520714 
2.39048379053,0.583045433099,2.40498676086 
2.54657457859,0.480864870523,2.41757831459 
2.36726471764,0.399141589406,2.43016986831 
2.49297271562,0.413542697206,2.44276142203 
2.55135190801,0.356746359454,2.45535297575 
2.42228712163,0.241090199374,2.46794452947 
2.47615258612,0.375337986545,2.4805360832 
2.54165022389,0.255623981182,2.49312763692 
2.4065967487,0.355069837973,2.50571919064 
2.45448218439,0.459633507836,2.51831074436 
2.58238006331,0.487847646264,2.53090229808 
2.42391082058,0.578335206967,2.5434938518 
2.54366058842,0.660958509801,2.55608540553 
2.61968778643,0.678566092038,2.56867695925 
2.4786588457,0.894168993647,2.58126851297 
2.46379635498,1.03129558725,2.59386006669 
2.41543742468,0.944913881691,2.60645162041 
2.35380332625,0.819010371192,2.61904317413 
2.56856016532,1.11021666615,2.63163472786 
2.46423453254,1.17395049149,2.64422628158 
2.52524066701,0.968339715123,2.6568178353 
2.41507709438,0.581497833304,2.66940938902 
2.59879561199,0.445130733899,2.68200094274 
2.45271789661,0.733807915667,2.69459249647 
2.28538970421,0.274957965541,2.70718405019 
2.29368469622,0.0767611933589,2.71977560391 
2.49541552201,-0.371560467657,2.73236715763 
2.49263120684,-0.277403122842,2.74495871135 
2.36631847475,-0.296743559931,2.75755026507 
2.56375169967,-0.439540089406,2.7701418188 
2.41569608352,-0.400366188785,2.78273337252 
2.44025522272,-0.355713840455,2.79532492624 
2.6402637464,-0.46188860247,2.80791647996 
2.665558314,-0.0314759810088,2.82050803368 
2.60264990891,0.213580856258,2.83309958741 
2.4107875589,0.471646256969,2.84569114113 
2.38674216744,0.142292628027,2.85828269485 
2.56344784173,0.211668894969,2.87087424857 
2.3401942582,0.36079545688,2.88346580229 
2.53320930648,0.226067088889,2.89605735601 
2.43202820206,0.0855019715554,2.90864890974 
2.27359687438,0.0412408337181,2.92124046346 
2.33759306516,-0.467710095931,2.93383201718 
2.48324704676,-0.529249618847,2.9464235709 
2.65153904373,-0.57188588077,2.95901512462 
2.52958334801,-0.133315686519,2.97160667835 
2.47308305432,-0.0317404400516,2.98419823207 
2.6023259984,0.040017030089,2.99678978579 
2.50161987043,0.210251207012,3.00938133951 
2.46637018698,0.0281067751411,3.02197289323 
2.62592366367,-0.0860264223556,3.03456444695 
2.53485342977,0.28427597667,3.04715600068 
2.37542436059,-0.0691242505431,3.0597475544 
2.420389148,-0.0961058119947,3.07233910812 
2.57523861006,-0.242344914365,3.08493066184 
2.36615074787,-0.555683240887,3.09752221556 
2.57015602737,-0.521897539358,3.11011376929 
2.3806165705,-0.165751943535,3.12270532301 
2.6081221826,0.17114863747,3.13529687673 
2.536679752,0.23276205464,3.14788843045 
2.36805003794,0.371434375363,3.16047998417 
2.27158356166,-0.0132392945962,3.17307153789 
2.30638156575,-0.226145485456,3.18566309162 
2.53481066458,-0.592288913914,3.19825464534 
2.40602484503,-0.557847368541,3.21084619906 
2.48315680844,-0.316313652174,3.22343775278 
2.41049732795,0.0262544797349,3.2360293065 
2.58265505446,0.360064628951,3.24862086023 
2.39344849914,0.234420097159,3.26121241395 
2.28938016984,0.0954097861536,3.27380396767 
2.2760555678,-0.303730533774,3.28639552139 
2.37199676923,-0.463009739238,3.29898707511 
2.57055261565,-0.643085408333,3.31157862883 
2.3875407501,-0.392837105327,3.32417018256 
2.502352246,-0.0114735130226,3.33676173628 
2.37014341546,0.289865477831,3.34935329 
2.54453393187,0.314951275022,3.36194484372 
2.34669726884,0.0455005427632,3.37453639744 
2.24642656789,-0.0815705942857,3.38712795116 
2.341286239,-0.593320032987,3.39971950489 
2.5422477519,-0.394812463455,3.41231105861 
2.54907842328,-0.399297920424,3.42490261233 
2.37295714041,-0.320024063258,3.43749416605 
2.60262792859,0.00145888501248,3.45008571977 
2.36919655779,0.0636801081103,3.4626772735 
2.55737023419,-0.193820723239,3.47526882722 
2.57918069475,0.0312925765272,3.48786038094 
2.48174114837,0.163308159904,3.50045193466 
2.51434779132,-0.0156287652811,3.51304348838 
2.47108015195,0.0248135351998,3.5256350421 
2.34890641143,-0.170968153772,3.53822659583 
2.56459404532,-0.612101832046,3.55081814955 
2.43536618541,-0.756119610095,3.56340970327 
2.56647252686,-0.589008024336,3.57600125699 
2.37383585784,-0.217818377623,3.58859281071 
2.53594561994,-0.0899939923003,3.60118436444 
2.5284859197,-0.0729289262892,3.61377591816 
2.38941812834,0.206963368321,3.62636747188 
2.41107258048,-0.065042799086,3.6389590256 
2.55848522791,0.15572331474,3.65155057932 
2.37487940945,0.412674624858,3.66414213304 
2.48927256973,0.250138947298,3.67673368677 
2.40857032429,-0.1052297052,3.68932524049 
2.58383733183,-0.463724543583,3.70191679421 
2.41195972724,-0.467424377371,3.71450834793 
2.44391010479,-0.47693598062,3.72709990165 
2.52531825741,-0.69664025573,3.73969145538 
2.43494832016,-0.539149316646,3.7522830091 
2.40645918579,-0.709910386604,3.76487456282 
2.60436027759,-0.804399469467,3.77746611654 
2.37736995395,-0.519762904826,3.79005767026 
2.58448190726,-0.0831035505447,3.80264922398 
2.36040910111,0.103129949559,3.81524077771 
2.51322352366,-0.155841833698,3.82783233143 
2.64767532977,0.199717376839,3.84042388515 
2.64577911121,0.486071830867,3.85301543887 
2.5698951207,0.805370100595,3.86560699259 
2.36467599231,0.575580884712,3.87819854632 
2.44939338577,0.640065278987,3.89079010004 
2.49699700951,0.806860193664,3.90338165376 
2.41138382309,0.871707584793,3.91597320748 
2.41663488088,0.861724790667,3.9285647612 
2.56841588151,0.685052464541,3.94115631492 
2.46214348209,0.605061617012,3.95374786865 
2.46166055331,0.689227751736,3.96633942237 
2.52364637648,0.5113947185,3.97893097609 
2.39260998261,0.463350419153,3.99152252981 
2.39495780863,0.449342333047,4.00411408353 
2.55941926168,0.341840988916,4.01670563726 
2.37226330877,0.294239256015,4.02929719098 
2.512482584,0.351523546836,4.0418887447 
2.55903144744,0.335263931013,4.05448029842 
2.43262264866,0.281100306792,4.06707185214 
2.48897181471,0.458601274851,4.07966340586 
2.53354559129,0.381904268482,4.09225495959 
2.39620823295,0.488785979902,4.10484651331 
2.48194230414,0.65714120771,4.11743806703 
2.57306782197,0.741221060272,4.13002962075 
2.44610465318,0.834817732218,4.14262117447 
2.53226537834,0.852201135666,4.15521272819 
2.63444391238,0.843953439195,4.16780428192 
2.47864025869,1.13895237144,4.18039583564 
2.41577985854,1.15836430666,4.19298738936 
2.34814718562,1.01423953238,4.20557894308 
2.35443104468,0.744213000237,4.2181704968 
2.57930151597,1.02793235392,4.23076205053 
2.40457370748,1.02179637793,4.24335360425 
2.54719535324,0.678610023235,4.25594515797 
2.36338768384,0.217045946836,4.26853671169 
2.55403023822,0.0906016868591,4.28112826541 
2.46732624262,0.296586159119,4.29371981913 
2.31906846467,-0.144323189795,4.30631137286 
2.37255300736,-0.20668899391,4.31890292658 
2.54353067358,-0.491217315257,4.3314944803 
2.42184530269,-0.491799651547,4.34408603402 
2.4323562208,-0.369143905863,4.35667758774 
2.51654333275,-0.214003129944,4.36926914147 
2.50246947304,0.0593589060329,4.38186069519 
2.41179025964,0.0635388103887,4.39445224891 
2.62099488981,-0.122200207323,4.40704380263 
2.67623298196,0.420920402667,4.41963535635 
2.53802587729,0.470909429266,4.43222691007 
2.35313106047,0.645981979712,4.4448184638 
2.47941205851,0.359239236594,4.45741001752 
2.47916864159,0.144382453711,4.47000157124 
2.38837085908,-0.0299679413982,4.48259312496 
2.42715817922,-0.265616262143,4.49518467868 
2.50676899438,-0.145024893645,4.50777623241 
2.32339971653,0.00546648475761,4.52036778613 
2.35401682773,-0.441623913026,4.53295933985 
2.53254076429,-0.208599623296,4.54555089357 
2.57956559622,-0.192743250007,4.55814244729 
2.39097453466,0.0384631769735,4.57073400101 
2.55954832843,0.404114522005,4.58332555474 
2.44052758647,0.564730440185,4.59591710846 
2.56380457256,0.43109059161,4.60850866218 
2.34134407255,-0.0113173118921,4.6211002159 
2.43820776786,-0.208306989138,4.63369176962 
2.50831074089,-0.247469568533,4.64628332335 
2.53156371079,-0.309048938259,4.65887487707 
2.63680968404,-0.131537743518,4.67146643079 
2.52526260824,0.244549187179,4.68405798451 
2.41493439602,0.0957054596913,4.69664953823 
2.58719886529,0.104738970401,4.70924109195 
2.4176676348,0.227960593391,4.72183264568 
2.44560745269,-0.0183568363889,4.7344241994 
2.55944570749,-0.0457776309681,4.74701575312 
2.43028728613,0.223705842382,4.75960730684 
2.36846486475,-0.135324719396,4.77219886056 
2.505217005,0.00922483098847,4.78479041429 
2.49830467392,0.0756380649668,4.79738196801 
2.33738126553,-0.149133349594,4.80997352173 
2.56681236671,0.00625616735997,4.82256507545 
2.34215898978,0.219814907839,4.83515662917 
2.47278494975,0.0283548848439,4.84774818289 
2.51470554343,0.063553698793,4.86033973662 
2.37137545413,0.268241170448,4.87293129034 
2.38931610723,-0.0949505992088,4.88552284406 
2.53459192814,0.134232748966,4.89811439778 
2.44441320962,0.173350419426,4.9107059515 
2.38092699146,-0.0859797406851,4.92329750522 
2.56159488063,-0.0147966573557,4.93588905895 
2.39591280141,-0.00569638288554,4.94848061267 
2.47146239528,-0.23515761852,4.96107216639 
2.6180970475,0.0738293970729,4.97366372011 
2.55581325313,0.329114132649,4.98625527383 
2.54763863009,0.371287361123,4.99884682756 
2.48504715891,0.435408451074,5.01143838128 
2.33847640966,0.351465575733,5.024029935 
2.54789682046,-0.0974202146671,5.03662148872 
2.43867163049,-0.389145538012,5.04921304244 
2.56981705697,-0.41117047714,5.06180459616 
2.39491055175,-0.135227659676,5.07439614989 
2.57653862867,0.126855044288,5.08698770361 
2.59019404894,0.189567045951,5.09957925733 
2.41827601731,0.546411341079,5.11217081105 
2.32556770955,0.169671850126,5.12476236477 
2.49502145456,0.28933259719,5.1373539185 
2.43829747335,0.500204099538,5.14994547222 
2.37500912737,0.370016193824,5.16253702594 
2.45203028479,0.239879038947,5.17512857966 
2.47224408812,0.0310807110981,5.18772013338 
2.31099657465,-0.366852112702,5.2003116871 
2.44888057728,-0.341896768684,5.21290324083 
2.62940390047,-0.43225831933,5.22549479455 
2.65374678246,0.0975758033183,5.23808634827 
2.44982526444,-0.0218538419152,5.25067790199 
2.51316785062,-0.0726852512001,5.26326945571 
2.54799588208,0.174757300367,5.27586100944 
2.47047770121,0.385238106647,5.28845256316 
2.43347999411,0.617378460091,5.30104411688 
2.5756878621,0.785630262926,5.3136356706 
2.42735493012,0.62978023347,5.32622722432 
2.31901297211,0.672364056789,5.33881877804 
2.42911613079,0.248518873658,5.35141033177 
2.55493757406,0.455142388806,5.36400188549 
2.36150623303,0.464287155558,5.37659343921 
2.53820309916,0.0711130795451,5.38918499293 
2.39989961513,-0.365152355496,5.40177654665 
2.59542461403,-0.534885400502,5.41436810038 
2.39564036295,-0.288570877951,5.4269596541 
2.33816480935,-0.547652332077,5.43955120782 
2.36539400823,-0.794248526019,5.45214276154 
2.40273876562,-0.931366964287,5.46473431526 
2.5880834674,-0.722131908893,5.47732586898 
2.53704953735,-0.752311528194,5.48991742271 
2.43706181343,-0.792301598773,5.50250897643 
2.56863998071,-0.759448058677,5.51510053015 
2.50905004696,-0.729344061752,5.52769208387 
2.39514582244,-0.587707465006,5.54028363759 
2.51961946584,-0.453909757782,5.55287519132 
2.49778128868,-0.529658160438,5.56546674504 
2.42291816273,-0.343488144321,5.57805829876 
2.55056048069,-0.355954932138,5.59064985248 
2.54464759484,-0.363450672604,5.6032414062 
2.3820959603,-0.281281360718,5.61583295992 
2.56875840768,-0.282732164982,5.62842451365 
2.42440055788,-0.372873647173,5.64101606737 
2.37825763162,-0.383408955055,5.65360762109 
2.50432405464,-0.409791637587,5.66619917481 
2.45790166159,-0.612326047998,5.67879072853 
2.44247405309,-0.55977197445,5.69138228225 
2.57287039631,-0.631748701916,5.70397383598 
2.44137186526,-0.85688201322,5.7165653897 
2.40266430352,-0.9701635358,5.72915694342 
2.48280774261,-1.01228419962,5.74174849714 
2.44757213073,-0.912779175668,5.75434005086 
2.31557859829,-0.857235099141,5.76693160459 
2.48453043626,-1.19424639521,5.77952315831 
2.59754298797,-1.04064203607,5.79211471203 
2.6635798216,-0.83000056053,5.80470626575 
2.57511990289,-0.421455024797,5.81729781947 
2.38141816342,-0.662508182485,5.82988937319 
2.59847877547,-0.588047036803,5.84248092692 
2.38863558628,-0.171712083442,5.85507248064 
2.61871093963,0.248265050055,5.86766403436 
2.44694469202,0.323089637678,5.88025558808 
2.43914505934,0.223916975318,5.8928471418 
2.53643335196,0.466858437148,5.90543869553 
2.47013694129,0.345925331013,5.91803024925 
2.40564947895,0.390319584201,5.93062180297 
2.59334686555,0.508805483312,5.94321335669 
2.43770471947,0.259329575542,5.95580491041 
2.51157569283,-0.122506640174,5.96839646413 
2.37768603354,-0.438544731624,5.98098801786 
2.56344167764,-0.318992138222,5.99357957158 
2.44040687112,-0.0886279243643,6.0061711253 
2.37725776901,-0.397858967689,6.01876267902 
2.50406596633,-0.196923748746,6.03135423274 
2.55290131295,-0.206375082438,6.04394578647 
2.37494310713,-0.142587066476,6.05653734019 
2.56007043456,0.245232726493,6.06912889391 
2.44118981743,0.571306848207,6.08172044763 
2.58871117622,0.634713748307,6.09431200135 
2.37127609873,0.291622935768,6.10690355507 
2.45054557794,0.0542779164547,6.1194951088 
2.50182579129,0.0604831770208,6.13208666252 
2.46685584595,-0.175487182558,6.14467821624 
2.57506724462,-0.136803832792,6.15726976996 
2.60321352407,0.108736561958,6.16986132368 
2.39523734721,-0.144659894113,6.18245287741 
2.63183900878,-0.187290397653,6.19504443113 
2.41139753502,0.105097424977,6.20763598485 
2.57093343023,0.246650094201,6.22022753857 
2.62736384223,0.294470146528,6.23281909229 
2.45126053685,0.640793029881,6.24541064601 
2.29731350104,0.249055012995,6.25800219974 
2.32591908605,0.111054459087,6.27059375346 
2.54159425869,-0.237676561358,6.28318530718 
